2685 2709 2682 2611 2688 2696 2450 2604 2724 2487 2643 2520 2663 2809 2535 2672 2853 2615 2559 2571 2607 2640 2816 2748 2683 2620 2442 3006 2858 2608 2894 2829 2286 2633 2588 2522 2463 2676 2473 2436 2891 2701 2492 2484 2375 2663 2811 2660 2652 2809 2551 2493 2421 2549 2647 2405 2413 2721 2411 2487 2583 2361 2691 2492 2276 2472 2467 2336 2363 2797 2266 2704 2752 2662 2572 2549 2764 2646 2578 2585 2777 2389 2527 2835 2792 2470 2416 2627 2749 2519 2696 2695 2761 2743 2158 2777 2756 2648 2572 2565 
2732 2785 2689 2615 2664 2685 2530 2796 2600 2387 2573 2419 2756 2725 2467 2793 2699 2427 2612 2589 2522 2583 2831 2666 2733 2561 2489 2830 2656 2584 2834 2809 2415 2547 2522 2525 2438 2601 2441 2448 2762 2584 2561 2502 2415 2510 2727 2691 2498 2882 2582 2451 2439 2519 2630 2297 2351 2696 2418 2569 2467 2253 2702 2389 2364 2554 2426 2429 2432 2775 2272 2779 2717 2702 2573 2541 2748 2630 2756 2603 2655 2392 2587 2957 2775 2562 2520 2617 2691 2464 2421 2766 2735 2685 2015 2861 2627 2679 2590 2625 
2496 2440 2425 2362 2336 2423 2259 2374 2358 2204 2270 2299 2398 2481 2255 2532 2564 2240 2391 2423 2490 2355 2553 2496 2445 2311 2130 2761 2411 2303 2574 2592 2178 2483 2352 2255 2258 2438 2189 2192 2562 2504 2237 2203 2123 2482 2501 2382 2385 2534 2310 2175 2250 2321 2428 2142 2276 2579 2319 2403 2304 2098 2371 2225 2154 2298 2329 2110 2276 2514 2025 2382 2405 2489 2388 2436 2413 2411 2479 2360 2527 2078 2301 2527 2494 2242 2234 2484 2312 2245 2359 2487 2474 2476 2015 2600 2420 2405 2221 2363 
2473 2654 2555 2574 2487 2585 2355 2497 2477 2285 2413 2242 2498 2668 2341 2562 2539 2367 2446 2354 2404 2330 2658 2548 2564 2436 2242 2643 2498 2394 2698 2659 2120 2530 2440 2380 2258 2489 2284 2310 2685 2566 2284 2373 2307 2351 2559 2606 2311 2730 2570 2315 2166 2496 2468 2269 2334 2571 2408 2360 2394 2069 2480 2400 2251 2423 2417 2229 2310 2576 2077 2643 2549 2539 2311 2405 2528 2568 2506 2477 2526 2196 2405 2633 2760 2255 2331 2448 2648 2406 2390 2640 2593 2593 1997 2534 2413 2373 2293 2441 
2584 2579 2519 2623 2450 2737 2468 2627 2480 2212 2449 2315 2514 2662 2377 2612 2622 2355 2584 2486 2573 2595 2750 2711 2586 2522 2287 2748 2574 2549 2629 2682 2325 2627 2497 2425 2347 2539 2446 2277 2793 2542 2312 2311 2460 2470 2713 2585 2518 2757 2655 2262 2273 2399 2644 2292 2399 2640 2337 2571 2411 2093 2442 2389 2253 2445 2490 2256 2376 2627 2115 2571 2647 2532 2436 2455 2647 2460 2555 2540 2625 2309 2506 2745 2632 2383 2435 2426 2566 2302 2497 2675 2515 2588 2133 2790 2452 2500 2305 2569 
2612 2726 2580 2512 2524 2725 2523 2609 2595 2383 2540 2358 2465 2657 2339 2666 2622 2425 2648 2538 2540 2535 2644 2668 2623 2417 2382 2836 2669 2502 2772 2824 2411 2641 2553 2463 2300 2606 2430 2311 2705 2631 2408 2493 2447 2533 2698 2486 2479 2717 2557 2341 2368 2451 2640 2287 2306 2537 2428 2385 2492 2283 2467 2420 2308 2612 2407 2316 2439 2640 2230 2706 2717 2610 2501 2446 2731 2599 2613 2410 2654 2268 2571 2780 2756 2484 2469 2549 2593 2457 2410 2627 2523 2581 2171 2635 2611 2601 2502 2553 
2724 2722 2524 2469 2587 2807 2473 2617 2678 2356 2335 2433 2637 2628 2540 2674 2726 2557 2654 2678 2648 2611 2670 2815 2674 2379 2304 2824 2679 2541 2730 2909 2504 2679 2545 2388 2363 2832 2457 2421 2765 2608 2476 2390 2431 2664 2692 2642 2467 2758 2575 2337 2433 2435 2683 2285 2443 2745 2512 2531 2536 2266 2422 2406 2443 2566 2627 2377 2495 2728 2280 2704 2634 2605 2554 2531 2637 2707 2702 2510 2690 2426 2621 2726 2804 2508 2456 2535 2564 2569 2515 2729 2620 2738 2161 2839 2547 2577 2524 2575 
2407 2542 2404 2526 2321 2451 2244 2400 2451 2212 2499 2185 2419 2647 2134 2502 2477 2364 2429 2421 2425 2250 2483 2467 2378 2142 2286 2673 2488 2359 2494 2554 2075 2530 2413 2234 2218 2388 2241 2177 2582 2427 2174 2287 2128 2372 2472 2412 2422 2608 2333 2287 2144 2415 2305 2222 2258 2336 2192 2423 2362 2063 2317 2270 2198 2252 2322 2135 2333 2470 2127 2491 2417 2432 2358 2392 2504 2372 2463 2386 2433 2107 2384 2459 2437 2209 2378 2321 2422 2176 2306 2437 2395 2332 1982 2524 2549 2340 2178 2238 
2575 2678 2602 2680 2496 2643 2526 2481 2555 2370 2422 2453 2759 2637 2403 2667 2582 2425 2514 2418 2491 2488 2742 2572 2816 2378 2342 2739 2626 2557 2519 2705 2495 2629 2601 2366 2321 2566 2436 2431 2675 2630 2415 2474 2436 2515 2656 2621 2392 2679 2615 2300 2275 2349 2549 2181 2263 2622 2374 2539 2489 2200 2505 2314 2450 2537 2449 2409 2406 2690 2299 2748 2658 2636 2459 2534 2517 2538 2529 2391 2581 2316 2542 2783 2726 2421 2379 2504 2507 2397 2488 2623 2520 2647 2016 2703 2487 2604 2350 2630 
2448 2542 2385 2497 2477 2473 2535 2492 2451 2146 2329 2230 2471 2539 2340 2582 2499 2208 2431 2278 2385 2410 2613 2509 2505 2342 2054 2599 2564 2198 2756 2740 2318 2507 2339 2360 2138 2393 2328 2247 2573 2490 2325 2261 2317 2496 2552 2362 2314 2545 2355 2124 2309 2258 2525 2037 2245 2405 2308 2379 2246 2057 2453 2240 2254 2374 2257 2195 2368 2663 2114 2406 2583 2448 2473 2331 2602 2324 2390 2336 2608 2325 2352 2730 2557 2429 2174 2405 2407 2255 2266 2592 2469 2510 1983 2587 2378 2369 2331 2406 
2678 2539 2517 2583 2421 2593 2456 2475 2418 2364 2405 2317 2476 2544 2294 2514 2548 2249 2539 2382 2390 2431 2568 2681 2576 2388 2186 2621 2579 2541 2647 2692 2261 2633 2392 2361 2323 2556 2264 2342 2527 2368 2403 2273 2247 2606 2572 2688 2436 2666 2511 2345 2368 2348 2492 2288 2310 2508 2310 2387 2271 2141 2483 2348 2324 2542 2468 2297 2354 2628 2106 2537 2506 2515 2214 2392 2593 2426 2589 2318 2461 2315 2417 2822 2579 2465 2367 2477 2601 2303 2278 2726 2527 2579 2027 2649 2417 2447 2258 2363 
2786 2883 2656 2782 2743 2942 2609 2690 2821 2548 2803 2426 2755 3004 2667 2745 2888 2706 2816 2745 2710 2752 2945 2856 2973 2595 2674 3083 2973 2815 2972 2948 2611 2754 2678 2655 2500 2888 2682 2545 2949 2856 2656 2622 2675 2661 2963 2776 2692 3136 2843 2625 2555 2729 2977 2606 2605 2806 2694 2672 2735 2301 2706 2739 2644 2731 2686 2550 2593 2936 2481 2894 2997 2847 2738 2675 2857 2758 2764 2706 2827 2472 2676 2991 2919 2683 2560 2757 2779 2639 2691 2861 2814 2815 2306 2972 2888 2882 2670 2734 
2572 2611 2639 2664 2398 2691 2404 2694 2451 2352 2492 2314 2707 2609 2455 2736 2565 2507 2573 2431 2522 2500 2831 2577 2680 2531 2374 2676 2613 2496 2762 2689 2401 2574 2507 2539 2248 2647 2539 2395 2621 2670 2460 2536 2320 2584 2716 2574 2504 2811 2568 2278 2366 2598 2607 2198 2293 2704 2588 2611 2491 2360 2607 2498 2322 2543 2514 2421 2422 2720 2141 2637 2570 2667 2526 2505 2695 2595 2730 2487 2719 2485 2478 2723 2783 2331 2438 2576 2453 2522 2493 2687 2582 2881 2179 2699 2566 2601 2516 2573 
2719 2647 2533 2769 2546 2611 2603 2647 2710 2352 2586 2380 2756 2857 2446 2852 2795 2607 2550 2671 2707 2521 2791 2707 2708 2419 2314 2786 2795 2575 2802 2854 2395 2622 2576 2557 2544 2648 2458 2466 2919 2862 2529 2583 2445 2601 2725 2621 2611 2821 2714 2510 2328 2545 2625 2428 2465 2641 2438 2648 2518 2229 2593 2551 2381 2655 2410 2397 2495 2788 2332 2690 2723 2648 2571 2660 2617 2593 2639 2472 2777 2429 2510 2819 2772 2403 2449 2675 2678 2442 2599 2768 2667 2641 2229 2760 2710 2609 2407 2626 
3015 2989 2761 2832 2762 2889 2677 2736 2882 2544 2713 2750 2834 3005 2588 2874 2991 2695 2832 2838 2800 2804 3039 2905 3050 2654 2586 3191 2970 2673 3037 3059 2618 2860 2875 2803 2608 2906 2641 2598 3019 2938 2661 2739 2655 2847 3125 2879 2736 3005 2760 2597 2606 2692 2969 2572 2607 2917 2711 2751 2814 2450 2782 2652 2644 2720 2792 2597 2582 2880 2473 2970 3084 2835 2671 2833 3001 2930 2846 2735 2838 2483 2713 3076 2969 2715 2657 2775 2895 2639 2741 2860 2854 2990 2257 3120 2717 2786 2644 2837 
2669 2803 2649 2697 2687 2853 2591 2655 2569 2487 2528 2435 2615 2739 2607 2662 2816 2611 2638 2566 2541 2674 2754 2746 2797 2547 2483 2971 2745 2677 2824 2881 2520 2788 2710 2610 2437 2828 2486 2353 2887 2783 2485 2633 2447 2729 2864 2732 2719 2835 2679 2529 2390 2680 2796 2608 2439 2698 2512 2603 2620 2227 2688 2664 2471 2657 2544 2408 2485 2823 2265 2759 2728 2551 2606 2574 2834 2754 2793 2530 2754 2434 2614 2812 2797 2583 2502 2691 2571 2422 2544 2733 2663 2743 2229 2710 2646 2572 2521 2578 
2707 3075 2699 2699 2654 2912 2676 2700 2725 2528 2681 2436 2726 2817 2658 2677 2916 2636 2642 2612 2545 2729 2860 2836 2772 2697 2494 2907 2880 2659 2958 2985 2532 2795 2616 2538 2578 2792 2557 2529 2979 2681 2725 2459 2483 2710 2858 2774 2761 2913 2822 2429 2510 2573 2850 2530 2456 2660 2601 2618 2540 2299 2840 2489 2546 2720 2656 2439 2580 2864 2363 2762 2962 2744 2604 2599 2827 2734 2693 2796 2900 2621 2724 2952 2799 2776 2620 2609 2747 2482 2608 2727 2783 2820 2263 2838 2708 2641 2527 2708 
2538 2450 2485 2491 2407 2578 2359 2611 2515 2181 2416 2186 2546 2591 2412 2572 2612 2406 2419 2329 2573 2441 2623 2668 2494 2521 2205 2608 2539 2470 2644 2539 2231 2446 2312 2211 2311 2501 2317 2207 2673 2508 2322 2315 2230 2471 2564 2467 2417 2676 2416 2408 2185 2321 2366 2213 2242 2538 2297 2457 2456 2055 2485 2395 2098 2422 2300 2113 2324 2605 2130 2499 2584 2479 2464 2482 2583 2434 2487 2410 2615 2328 2421 2614 2627 2393 2339 2337 2476 2363 2387 2588 2508 2559 2189 2598 2516 2384 2227 2612 
2788 2798 2798 2675 2617 2643 2443 2759 2745 2346 2575 2678 2731 2733 2508 2833 2766 2578 2713 2624 2703 2610 2875 2714 2662 2431 2498 3024 2660 2554 2784 2942 2491 2833 2603 2567 2588 2743 2546 2533 2853 2686 2491 2474 2491 2635 2837 2614 2751 2733 2556 2386 2517 2560 2631 2405 2486 2757 2549 2628 2653 2357 2632 2526 2264 2618 2488 2429 2504 2707 2225 2746 2569 2689 2656 2632 2813 2623 2781 2493 2702 2486 2603 2883 2702 2502 2504 2704 2646 2457 2616 2889 2697 2750 2136 2673 2671 2766 2576 2526 
2601 2725 2590 2568 2562 2722 2473 2650 2678 2429 2570 2416 2707 2698 2478 2710 2682 2462 2559 2537 2559 2609 2740 2730 2720 2440 2380 2866 2651 2409 2853 2814 2269 2613 2595 2434 2393 2712 2448 2486 2819 2612 2405 2565 2387 2560 2659 2583 2482 2756 2662 2363 2286 2473 2589 2450 2410 2627 2411 2545 2564 2220 2610 2484 2225 2502 2430 2323 2210 2693 2250 2771 2614 2587 2573 2508 2767 2612 2631 2518 2582 2351 2528 2762 2742 2386 2372 2553 2679 2436 2554 2662 2524 2633 2178 2695 2579 2595 2562 2540 
2545 2643 2657 2628 2585 2702 2344 2517 2611 2427 2522 2390 2578 2642 2374 2685 2665 2412 2641 2459 2545 2497 2726 2626 2624 2332 2321 2636 2574 2524 2563 2695 2250 2599 2355 2389 2346 2654 2458 2302 2665 2525 2423 2447 2323 2501 2654 2495 2511 2733 2532 2366 2280 2473 2468 2161 2264 2580 2448 2430 2591 2302 2482 2423 2306 2539 2496 2354 2283 2667 2296 2648 2567 2675 2462 2489 2561 2677 2596 2449 2663 2327 2563 2740 2716 2413 2392 2353 2582 2463 2460 2429 2641 2722 2096 2663 2541 2460 2453 2548 
2717 2781 2688 2635 2534 2824 2585 2800 2692 2508 2591 2577 2809 2716 2597 2776 2716 2623 2599 2625 2630 2634 2892 2702 2702 2656 2520 2843 2605 2553 2883 2853 2440 2690 2727 2572 2470 2645 2556 2425 2806 2743 2535 2531 2391 2718 2796 2627 2544 2814 2702 2483 2481 2639 2670 2425 2493 2700 2445 2691 2656 2277 2667 2604 2424 2546 2595 2397 2387 2773 2244 2792 2787 2612 2536 2683 2816 2674 2711 2646 2743 2457 2649 2775 2849 2332 2556 2600 2779 2629 2574 2798 2756 2727 2191 2802 2726 2699 2552 2703 
2453 2547 2569 2667 2510 2654 2393 2513 2446 2290 2397 2389 2443 2487 2435 2514 2569 2550 2528 2360 2504 2601 2597 2624 2643 2396 2184 2840 2521 2482 2613 2598 2401 2515 2556 2406 2358 2634 2339 2320 2711 2553 2394 2352 2288 2657 2652 2477 2379 2682 2492 2156 2173 2303 2474 2276 2213 2610 2330 2388 2473 2234 2459 2344 2162 2388 2401 2219 2264 2635 2082 2543 2639 2509 2436 2352 2516 2511 2388 2303 2512 2265 2461 2605 2516 2322 2430 2393 2394 2308 2540 2546 2465 2660 2077 2710 2499 2439 2356 2483 
2486 2664 2456 2417 2596 2578 2485 2514 2512 2215 2283 2297 2580 2621 2426 2482 2678 2440 2370 2473 2378 2530 2648 2547 2735 2472 2306 2753 2600 2395 2681 2629 2374 2576 2446 2415 2321 2529 2350 2220 2635 2683 2358 2417 2216 2443 2676 2525 2416 2620 2510 2319 2368 2343 2604 2383 2342 2616 2317 2487 2356 2185 2459 2338 2286 2549 2405 2275 2339 2636 2218 2497 2651 2507 2376 2520 2514 2547 2481 2337 2591 2193 2442 2624 2618 2378 2378 2484 2508 2287 2466 2529 2536 2629 2090 2651 2472 2462 2285 2513 
2436 2538 2415 2512 2355 2434 2357 2410 2489 2308 2453 2233 2438 2516 2346 2503 2434 2331 2359 2311 2439 2413 2614 2550 2597 2256 2355 2617 2628 2433 2592 2659 2246 2492 2356 2333 2223 2524 2352 2288 2703 2398 2361 2305 2314 2419 2703 2438 2390 2602 2396 2075 2129 2396 2350 2113 2277 2515 2273 2390 2466 2095 2412 2356 2248 2382 2414 2128 2209 2535 2101 2461 2471 2493 2533 2376 2576 2413 2299 2315 2444 2317 2370 2677 2518 2260 2405 2389 2491 2387 2322 2412 2478 2660 2052 2579 2468 2426 2349 2367 
2590 2618 2648 2457 2567 2581 2459 2508 2399 2329 2534 2295 2547 2643 2448 2640 2663 2438 2543 2385 2630 2421 2729 2539 2655 2499 2326 2767 2642 2495 2673 2736 2333 2514 2563 2512 2245 2411 2425 2223 2661 2679 2384 2381 2436 2495 2673 2508 2525 2690 2586 2231 2231 2383 2631 2221 2303 2588 2311 2584 2412 2177 2444 2339 2348 2466 2498 2262 2388 2654 2145 2708 2715 2519 2373 2457 2631 2542 2416 2575 2507 2398 2476 2682 2573 2350 2407 2460 2516 2318 2427 2497 2645 2625 2025 2682 2568 2526 2421 2527 
2874 2677 2624 2715 2572 2765 2589 2800 2594 2394 2555 2475 2658 2834 2487 2843 2613 2502 2654 2536 2636 2639 2929 2788 2807 2628 2253 2951 2716 2553 2762 2827 2480 2775 2568 2520 2523 2704 2482 2457 2859 2668 2429 2679 2461 2638 2797 2763 2621 2729 2597 2376 2410 2520 2646 2438 2548 2733 2469 2662 2477 2250 2513 2470 2365 2700 2532 2366 2413 2716 2337 2756 2719 2664 2687 2612 2750 2620 2665 2541 2612 2399 2671 2809 2749 2558 2540 2620 2649 2499 2729 2796 2605 2734 2251 2742 2633 2588 2516 2674 
2782 2893 2649 2601 2628 2819 2698 2745 2754 2522 2590 2459 2808 2759 2575 2743 2777 2595 2673 2626 2583 2737 2888 2879 2732 2555 2452 2899 2706 2599 2814 2960 2529 2600 2553 2502 2420 2671 2494 2493 2851 2653 2569 2436 2471 2653 2760 2692 2602 2856 2691 2384 2501 2559 2766 2337 2444 2695 2535 2650 2626 2307 2694 2578 2434 2580 2620 2486 2507 2907 2345 2807 2853 2712 2729 2677 2842 2706 2700 2588 2761 2555 2619 2879 2881 2608 2474 2497 2761 2520 2562 2734 2753 2773 2291 2780 2703 2731 2579 2729 
2720 2837 2793 2641 2660 2781 2629 2702 2652 2469 2684 2523 2717 2821 2472 2800 2755 2504 2767 2645 2689 2608 2817 2755 2867 2509 2467 2996 2697 2597 2879 2827 2503 2830 2739 2516 2413 2676 2546 2456 2779 2759 2397 2477 2632 2646 2783 2654 2574 2731 2765 2474 2396 2597 2728 2506 2583 2750 2551 2658 2589 2351 2570 2559 2410 2666 2645 2292 2485 2562 2283 2805 2762 2725 2541 2702 2770 2685 2813 2757 2687 2464 2674 2839 2829 2526 2565 2549 2686 2537 2596 2686 2664 2806 2377 2786 2676 2694 2503 2682 
2531 2630 2635 2618 2462 2609 2521 2546 2619 2319 2448 2305 2685 2746 2367 2706 2563 2483 2465 2479 2552 2530 2743 2580 2725 2366 2311 2712 2523 2487 2667 2602 2341 2592 2565 2448 2270 2584 2374 2384 2611 2689 2355 2423 2367 2514 2544 2582 2483 2581 2514 2410 2248 2420 2563 2241 2380 2452 2396 2528 2502 2240 2469 2288 2361 2481 2456 2268 2387 2598 2335 2736 2628 2467 2371 2531 2682 2559 2635 2426 2565 2404 2453 2638 2684 2459 2440 2489 2551 2346 2489 2673 2604 2581 2168 2682 2555 2652 2423 2659 
2554 2654 2578 2491 2316 2675 2445 2507 2555 2343 2492 2312 2365 2696 2365 2581 2546 2507 2404 2437 2541 2390 2735 2584 2617 2529 2247 2756 2674 2565 2710 2762 2209 2596 2517 2414 2303 2483 2389 2419 2710 2605 2354 2477 2377 2559 2628 2548 2470 2637 2659 2298 2239 2385 2624 2203 2395 2474 2351 2381 2419 2207 2561 2341 2284 2500 2521 2196 2365 2506 2054 2562 2758 2400 2402 2293 2667 2400 2432 2467 2602 2363 2362 2716 2569 2341 2473 2548 2560 2404 2579 2554 2519 2600 2182 2515 2569 2603 2401 2531 
2713 2657 2570 2711 2521 2725 2539 2674 2635 2440 2439 2324 2737 2719 2441 2605 2640 2646 2621 2587 2556 2627 2974 2713 2783 2523 2428 2826 2701 2514 2798 2840 2472 2604 2549 2467 2444 2570 2603 2548 2903 2731 2561 2511 2531 2640 2791 2589 2664 2762 2596 2261 2332 2507 2630 2312 2235 2620 2408 2769 2536 2313 2587 2447 2294 2642 2473 2184 2397 2786 2273 2691 2838 2664 2634 2536 2728 2608 2589 2563 2623 2493 2500 2688 2706 2564 2389 2482 2531 2403 2483 2639 2588 2595 2163 2657 2677 2658 2637 2513 
2563 2573 2498 2498 2558 2539 2367 2589 2481 2334 2386 2411 2565 2678 2538 2649 2687 2399 2630 2574 2586 2584 2622 2532 2558 2365 2423 2903 2709 2594 2679 2774 2493 2650 2513 2341 2275 2722 2394 2280 2694 2516 2411 2388 2409 2580 2714 2599 2544 2706 2409 2310 2355 2515 2632 2334 2419 2683 2470 2447 2532 2183 2505 2430 2383 2516 2590 2308 2349 2665 2284 2692 2523 2644 2610 2536 2584 2574 2712 2377 2668 2356 2490 2657 2684 2439 2395 2584 2455 2492 2507 2682 2512 2743 2182 2735 2571 2512 2451 2456 
2586 2613 2527 2484 2518 2573 2394 2639 2425 2140 2422 2337 2462 2575 2379 2640 2502 2435 2535 2541 2417 2537 2649 2566 2574 2412 2307 2752 2527 2487 2615 2664 2405 2498 2409 2369 2382 2540 2307 2325 2721 2556 2335 2359 2445 2503 2580 2521 2483 2659 2425 2286 2264 2416 2558 2228 2257 2556 2293 2436 2419 2156 2464 2411 2310 2362 2364 2322 2241 2501 2162 2626 2554 2424 2461 2442 2619 2433 2666 2438 2501 2285 2510 2648 2670 2360 2465 2469 2485 2301 2514 2605 2585 2534 2132 2821 2501 2442 2310 2514 
2247 2302 2173 2242 2130 2325 2060 2203 2155 2146 2204 2041 2215 2214 2081 2278 2174 2103 2152 2247 2126 2023 2317 2241 2134 2140 1924 2365 2208 2098 2350 2386 1983 2182 2127 2158 2075 2202 1913 2168 2302 2326 2008 2086 2080 2259 2208 2306 2186 2364 2136 2015 1922 2148 2241 1987 2058 2287 2152 2156 2053 1784 2103 2159 2041 2199 2128 1962 2159 2337 1791 2350 2266 2176 2053 2092 2191 2272 2291 2112 2241 2027 2195 2396 2359 2111 2092 2143 2241 2110 2157 2237 2285 2228 1744 2387 2316 2259 2045 2229 
2836 2862 2772 2796 2780 2683 2633 2839 2716 2336 2711 2403 2751 2907 2588 2753 2920 2521 2726 2687 2715 2673 2927 2788 2821 2547 2527 2932 2896 2621 2840 2942 2558 2720 2479 2564 2513 2845 2720 2539 2860 2776 2692 2521 2655 2579 3032 2772 2678 2984 2641 2502 2572 2596 2809 2480 2556 2731 2571 2686 2630 2327 2537 2541 2523 2809 2616 2318 2608 2807 2390 2743 2831 2868 2697 2526 2764 2776 2725 2627 2839 2448 2633 2818 2968 2714 2633 2673 2778 2591 2504 2797 2843 2702 2291 2924 2676 2638 2484 2792 
2303 2437 2294 2331 2288 2439 2236 2386 2334 2188 2294 2163 2378 2483 2129 2450 2320 2189 2229 2249 2214 2244 2491 2282 2531 2230 2153 2591 2408 2270 2414 2372 2138 2341 2291 2140 2088 2411 2270 2141 2546 2455 2279 2201 2027 2368 2356 2420 2195 2456 2307 2124 2240 2257 2335 1966 2136 2360 2148 2273 2297 2054 2359 2163 2127 2272 2193 2123 2149 2447 2149 2426 2485 2444 2329 2263 2446 2202 2353 2237 2459 2288 2254 2493 2442 2207 2220 2341 2368 2193 2209 2405 2388 2487 1920 2478 2298 2396 2229 2322 
2637 2698 2465 2540 2434 2613 2540 2650 2439 2233 2550 2439 2588 2700 2299 2669 2730 2382 2501 2483 2534 2598 2764 2654 2610 2422 2463 2826 2662 2381 2569 2685 2394 2589 2479 2474 2367 2494 2472 2293 2793 2526 2359 2401 2263 2640 2740 2517 2502 2668 2525 2288 2467 2453 2574 2398 2297 2526 2289 2583 2486 2214 2570 2419 2248 2304 2436 2334 2210 2677 2234 2528 2609 2574 2548 2444 2729 2472 2627 2533 2594 2315 2409 2728 2634 2516 2427 2487 2512 2259 2471 2556 2631 2639 2211 2775 2621 2565 2302 2496 
2594 2621 2428 2444 2455 2610 2391 2596 2410 2349 2483 2256 2582 2519 2323 2568 2658 2292 2364 2381 2314 2482 2716 2612 2622 2341 2222 2705 2694 2366 2619 2620 2295 2469 2446 2336 2231 2481 2337 2312 2624 2513 2322 2430 2267 2519 2680 2542 2387 2544 2404 2302 2251 2316 2415 2339 2360 2460 2328 2454 2422 1989 2673 2389 2315 2371 2404 2229 2256 2556 2175 2598 2580 2413 2456 2441 2664 2471 2455 2351 2469 2367 2399 2645 2614 2353 2269 2377 2654 2319 2405 2582 2470 2564 2069 2760 2544 2422 2348 2556 
2575 2740 2550 2551 2528 2675 2464 2593 2523 2172 2484 2409 2510 2788 2344 2516 2619 2412 2687 2403 2489 2546 2600 2568 2717 2361 2433 2876 2693 2519 2617 2626 2370 2686 2408 2375 2370 2544 2481 2326 2644 2493 2405 2308 2456 2438 2736 2569 2456 2727 2456 2353 2439 2315 2579 2410 2310 2532 2460 2538 2416 2122 2440 2338 2264 2535 2547 2387 2399 2672 2386 2728 2690 2737 2468 2563 2825 2505 2543 2395 2587 2255 2538 2671 2682 2486 2445 2493 2655 2411 2424 2578 2424 2595 2153 2714 2566 2618 2328 2504 
2297 2401 2425 2408 2382 2477 2308 2391 2247 2078 2291 2129 2401 2500 2082 2378 2377 2133 2454 2217 2294 2336 2469 2379 2486 2140 2012 2662 2316 2253 2477 2441 2194 2340 2310 2183 2063 2427 2240 2108 2407 2391 2126 2150 2123 2390 2535 2257 2184 2493 2230 2144 2189 2228 2336 2157 2160 2403 2238 2283 2224 1988 2402 2172 2070 2165 2212 2137 2128 2391 1956 2330 2358 2421 2231 2325 2444 2327 2448 2217 2396 2129 2212 2362 2350 2196 2208 2239 2291 2121 2259 2413 2327 2503 1997 2495 2285 2364 2158 2338 
2508 2460 2459 2438 2385 2497 2482 2526 2499 2191 2388 2298 2487 2728 2372 2669 2480 2378 2382 2408 2488 2368 2731 2603 2522 2371 2097 2586 2583 2345 2755 2634 2205 2421 2355 2403 2110 2444 2316 2275 2666 2404 2284 2288 2352 2532 2536 2592 2299 2533 2438 2239 2360 2223 2539 2111 2266 2664 2386 2424 2265 2016 2446 2212 2185 2331 2476 2241 2307 2601 2131 2583 2547 2508 2467 2427 2604 2456 2480 2354 2521 2272 2363 2700 2643 2292 2270 2475 2613 2336 2426 2750 2687 2583 2039 2804 2564 2500 2303 2566 
2588 2327 2363 2450 2424 2451 2372 2332 2465 2218 2243 2319 2479 2476 2177 2471 2456 2288 2465 2288 2385 2422 2552 2483 2598 2281 2090 2722 2465 2263 2553 2573 2201 2517 2335 2139 2340 2418 2207 2208 2538 2549 2272 2337 2242 2417 2493 2431 2206 2519 2345 2280 2195 2292 2378 2221 2311 2404 2170 2438 2365 2118 2362 2263 2110 2343 2182 2199 2237 2517 2131 2444 2476 2424 2261 2414 2569 2295 2474 2073 2422 2122 2311 2600 2509 2231 2179 2348 2425 2127 2421 2604 2348 2430 1991 2474 2391 2380 2292 2307 
2550 2629 2653 2597 2500 2672 2593 2531 2667 2466 2469 2383 2604 2633 2429 2691 2564 2351 2463 2500 2578 2607 2687 2486 2678 2422 2354 2837 2704 2415 2639 2633 2321 2586 2485 2414 2331 2629 2398 2439 2619 2505 2387 2520 2342 2614 2766 2658 2546 2635 2545 2307 2379 2540 2703 2254 2265 2521 2437 2600 2440 2234 2543 2345 2380 2401 2528 2318 2390 2730 2333 2669 2736 2628 2513 2491 2711 2477 2570 2452 2657 2322 2450 2797 2731 2484 2475 2510 2556 2446 2433 2674 2618 2615 2071 2680 2508 2693 2539 2646 
2574 2602 2746 2729 2659 2591 2563 2802 2794 2400 2662 2517 2621 2778 2559 2821 2764 2514 2654 2588 2723 2594 2847 2715 2806 2463 2550 2928 2628 2631 2639 2866 2546 2630 2646 2610 2498 2683 2614 2542 2891 2710 2503 2485 2541 2667 2774 2669 2647 2936 2621 2360 2318 2559 2733 2408 2309 2692 2356 2645 2650 2294 2535 2382 2449 2566 2509 2295 2282 2749 2362 2638 2722 2656 2660 2606 2580 2650 2604 2626 2584 2318 2617 2738 2620 2511 2600 2552 2588 2364 2588 2671 2771 2688 2117 2851 2591 2772 2509 2622 
2580 2598 2508 2392 2533 2632 2397 2598 2618 2255 2448 2232 2568 2613 2297 2673 2635 2392 2466 2503 2448 2462 2676 2738 2557 2326 2223 2721 2583 2351 2667 2679 2204 2573 2319 2397 2260 2491 2339 2278 2608 2419 2133 2408 2247 2548 2616 2429 2401 2529 2417 2304 2180 2485 2295 2210 2318 2449 2378 2360 2427 2239 2411 2362 2194 2452 2399 2221 2288 2631 2163 2500 2581 2459 2430 2499 2688 2525 2512 2479 2411 2283 2554 2601 2543 2369 2287 2389 2573 2379 2453 2572 2553 2539 2099 2665 2530 2441 2486 2454 
2728 2804 2762 2724 2748 2885 2560 2880 2631 2481 2669 2616 2763 2903 2660 2955 2789 2545 2663 2716 2807 2738 2955 2884 2762 2720 2508 2997 2859 2576 2914 2873 2474 2796 2720 2635 2484 2763 2523 2448 2918 2799 2470 2591 2588 2647 2876 2836 2581 2973 2836 2537 2468 2626 2825 2500 2635 2920 2622 2650 2730 2252 2673 2728 2459 2616 2628 2472 2405 2776 2381 2846 2739 2802 2747 2677 2851 2724 2780 2757 2790 2481 2764 2921 2874 2402 2601 2677 2833 2659 2743 2959 2758 2922 2271 2932 2651 2640 2516 2720 
2481 2434 2245 2361 2414 2532 2331 2510 2415 2208 2321 2218 2439 2413 2237 2497 2421 2188 2335 2425 2411 2412 2564 2465 2521 2344 2174 2538 2513 2374 2485 2560 2272 2474 2323 2217 2224 2501 2294 2165 2538 2538 2291 2292 2210 2373 2561 2495 2303 2616 2332 2162 2141 2321 2534 2080 2231 2403 2378 2385 2287 2038 2371 2335 2336 2337 2375 2190 2309 2440 2156 2458 2428 2436 2423 2316 2541 2458 2481 2295 2483 2377 2359 2536 2523 2269 2228 2351 2435 2257 2310 2529 2402 2503 2016 2590 2378 2331 2301 2404 
2496 2618 2448 2608 2428 2526 2449 2526 2437 2244 2467 2172 2396 2613 2241 2550 2533 2212 2438 2451 2466 2531 2674 2620 2477 2418 2306 2694 2629 2489 2567 2680 2299 2503 2231 2370 2294 2423 2302 2261 2645 2614 2325 2245 2378 2473 2559 2525 2471 2698 2249 2171 2215 2264 2522 2142 2321 2404 2399 2488 2271 2082 2349 2290 2273 2455 2290 2250 2331 2470 2157 2360 2483 2512 2457 2499 2483 2484 2465 2370 2571 2299 2461 2729 2446 2271 2284 2361 2523 2199 2481 2562 2440 2451 2142 2681 2427 2522 2356 2401 
2767 2720 2560 2590 2553 2635 2530 2662 2563 2354 2559 2316 2662 2753 2387 2672 2738 2562 2681 2591 2615 2563 2672 2707 2643 2540 2370 2924 2778 2483 2857 2853 2456 2602 2469 2469 2366 2605 2504 2488 2839 2711 2462 2579 2391 2610 2897 2502 2574 2799 2490 2370 2294 2706 2661 2326 2362 2687 2386 2646 2502 2301 2486 2427 2375 2552 2495 2232 2544 2761 2242 2631 2848 2523 2528 2542 2757 2636 2658 2562 2743 2289 2522 2740 2809 2604 2376 2527 2485 2498 2478 2609 2671 2608 2186 2889 2720 2565 2482 2640 
2454 2592 2407 2442 2481 2501 2187 2547 2452 2126 2378 2263 2407 2642 2406 2475 2595 2246 2430 2345 2311 2457 2593 2509 2501 2302 2316 2655 2618 2364 2584 2623 2236 2396 2232 2331 2191 2481 2353 2293 2664 2480 2285 2322 2474 2469 2572 2446 2303 2577 2315 2192 2215 2387 2435 2161 2163 2388 2324 2316 2425 2006 2522 2376 2068 2388 2327 2188 2130 2524 2138 2509 2565 2531 2400 2339 2543 2417 2490 2376 2349 2336 2341 2631 2576 2356 2281 2320 2536 2318 2374 2511 2492 2556 2026 2657 2395 2464 2233 2390 
2439 2656 2475 2503 2473 2584 2319 2581 2564 2286 2403 2330 2419 2622 2481 2543 2602 2256 2401 2451 2447 2438 2792 2495 2535 2330 2249 2647 2650 2386 2695 2654 2187 2511 2285 2411 2328 2635 2336 2415 2697 2418 2393 2433 2244 2468 2614 2536 2562 2627 2464 2257 2336 2370 2514 2209 2252 2575 2471 2427 2405 2159 2478 2537 2244 2472 2545 2209 2227 2679 2211 2518 2542 2570 2542 2419 2594 2444 2418 2487 2544 2292 2474 2654 2632 2393 2371 2470 2608 2594 2483 2561 2636 2475 1970 2624 2534 2430 2351 2503 
2778 2826 2650 2688 2553 2756 2676 2670 2650 2518 2647 2403 2777 2858 2432 2777 2818 2475 2590 2568 2644 2576 2840 2750 2731 2548 2312 2840 2748 2566 2757 2913 2341 2583 2622 2682 2296 2538 2404 2391 2678 2669 2469 2588 2427 2608 2742 2667 2514 2905 2595 2461 2336 2542 2633 2361 2501 2663 2610 2647 2491 2131 2732 2445 2615 2623 2496 2445 2461 2748 2332 2832 2850 2699 2618 2615 2898 2741 2674 2660 2741 2494 2610 2927 2812 2479 2453 2639 2659 2541 2648 2749 2677 2720 2166 2815 2773 2673 2588 2704 
2560 2531 2519 2523 2483 2457 2371 2584 2435 2234 2449 2396 2532 2621 2206 2469 2536 2313 2532 2495 2408 2444 2688 2459 2554 2350 2210 2778 2648 2464 2642 2609 2304 2522 2449 2379 2329 2555 2379 2296 2544 2561 2377 2344 2275 2525 2690 2649 2342 2649 2380 2352 2344 2342 2533 2238 2275 2471 2340 2414 2332 2049 2404 2283 2301 2400 2474 2268 2265 2414 2186 2652 2607 2523 2341 2503 2515 2461 2553 2327 2576 2241 2434 2645 2525 2320 2320 2474 2526 2311 2332 2522 2492 2584 2094 2780 2355 2397 2302 2609 
2583 2650 2600 2497 2460 2634 2548 2441 2511 2365 2557 2406 2584 2679 2357 2686 2621 2325 2385 2477 2594 2375 2574 2629 2553 2296 2242 2814 2621 2440 2600 2610 2171 2582 2581 2406 2170 2572 2355 2288 2692 2461 2199 2393 2313 2631 2612 2623 2468 2513 2583 2313 2196 2398 2350 2332 2461 2539 2292 2411 2467 2148 2366 2366 2322 2473 2468 2123 2306 2442 2078 2665 2510 2420 2386 2386 2679 2600 2506 2524 2553 2329 2452 2637 2717 2334 2369 2518 2615 2386 2429 2597 2545 2576 2200 2712 2420 2381 2357 2534 
2839 2843 2775 2789 2752 2856 2684 2830 2686 2509 2570 2534 2785 2879 2559 2743 2813 2542 2874 2614 2654 2820 2884 2771 2815 2647 2360 3017 2813 2753 2804 2912 2598 2724 2597 2515 2604 2752 2588 2551 2987 2806 2609 2625 2502 2752 2859 2786 2594 2944 2778 2457 2558 2619 2733 2524 2512 2797 2618 2767 2639 2282 2724 2603 2467 2711 2639 2475 2545 2805 2376 2783 2917 2729 2635 2649 2866 2675 2785 2617 2778 2489 2697 2835 2915 2609 2510 2722 2762 2641 2695 2900 2714 2886 2351 2958 2749 2800 2560 2776 
2598 2535 2478 2536 2319 2617 2521 2613 2569 2136 2449 2268 2564 2746 2329 2798 2489 2327 2516 2431 2632 2507 2749 2611 2578 2352 2137 2691 2627 2344 2657 2725 2304 2658 2322 2272 2259 2490 2441 2334 2768 2535 2352 2376 2348 2556 2584 2631 2330 2532 2481 2206 2277 2324 2481 2221 2374 2584 2317 2583 2437 2041 2444 2271 2180 2388 2377 2200 2345 2660 2141 2507 2609 2535 2500 2414 2701 2451 2471 2373 2494 2383 2355 2591 2641 2352 2325 2482 2582 2399 2532 2713 2515 2568 2126 2625 2492 2595 2361 2550 
2535 2555 2556 2595 2471 2603 2478 2512 2434 2313 2525 2330 2544 2731 2337 2554 2623 2239 2579 2496 2496 2518 2697 2696 2540 2405 2300 2803 2576 2469 2621 2573 2294 2449 2421 2411 2300 2513 2397 2204 2637 2524 2380 2305 2393 2541 2549 2708 2525 2705 2410 2273 2280 2360 2491 2316 2373 2459 2447 2420 2468 2057 2524 2315 2340 2480 2467 2310 2401 2712 2228 2547 2624 2622 2385 2443 2658 2410 2612 2501 2691 2427 2484 2757 2624 2436 2404 2347 2581 2329 2419 2610 2519 2680 2167 2614 2470 2467 2395 2474 
2516 2442 2443 2590 2385 2403 2445 2573 2514 2228 2468 2349 2567 2602 2336 2615 2523 2214 2440 2418 2408 2464 2656 2640 2499 2151 2187 2627 2512 2323 2606 2699 2200 2459 2394 2446 2307 2474 2303 2422 2674 2475 2311 2336 2308 2526 2444 2515 2444 2619 2262 2127 2236 2272 2357 2138 2396 2449 2240 2362 2411 2046 2397 2321 2187 2445 2345 2170 2121 2578 2191 2433 2377 2531 2545 2452 2536 2453 2474 2314 2407 2308 2386 2611 2386 2276 2363 2368 2531 2336 2468 2598 2438 2463 2098 2570 2394 2511 2264 2410 
2609 2765 2676 2772 2692 2755 2664 2680 2706 2402 2558 2411 2720 2847 2439 2823 2718 2457 2627 2714 2568 2640 2832 2800 2831 2532 2389 3056 2757 2582 2759 2838 2452 2761 2575 2512 2451 2704 2456 2490 2806 2668 2512 2478 2501 2640 2829 2760 2651 2813 2729 2433 2399 2528 2589 2458 2387 2667 2455 2574 2488 2326 2636 2427 2352 2761 2580 2319 2475 2735 2262 2775 2802 2764 2546 2756 2670 2686 2770 2593 2774 2395 2512 2826 2855 2515 2494 2548 2759 2444 2528 2675 2540 2635 2181 2770 2466 2647 2591 2624 
2737 2781 2698 2698 2768 2796 2567 2773 2706 2517 2615 2431 2588 2862 2403 2822 2772 2546 2824 2658 2574 2680 2877 2790 2720 2567 2393 3010 2751 2747 2934 2973 2441 2779 2612 2563 2446 2690 2569 2497 2840 2862 2611 2529 2512 2595 2798 2715 2569 2827 2655 2508 2489 2591 2818 2372 2428 2624 2437 2554 2506 2269 2730 2487 2489 2564 2471 2432 2435 2654 2332 2682 2830 2853 2488 2699 2728 2686 2697 2605 2712 2536 2634 2988 2773 2532 2441 2638 2664 2471 2611 2745 2645 2680 2232 2809 2794 2724 2560 2570 
2562 2487 2425 2454 2427 2561 2339 2459 2486 2239 2414 2365 2437 2513 2379 2517 2627 2278 2495 2613 2522 2436 2472 2543 2470 2346 2277 2748 2580 2288 2619 2678 2325 2516 2384 2328 2334 2516 2340 2182 2649 2385 2320 2304 2361 2600 2662 2570 2428 2635 2271 2249 2178 2288 2545 2311 2268 2467 2362 2349 2421 2146 2393 2229 2367 2337 2336 2248 2299 2558 2153 2569 2601 2469 2325 2373 2566 2500 2558 2326 2467 2192 2472 2625 2534 2415 2419 2330 2453 2245 2342 2553 2508 2499 2011 2728 2480 2325 2218 2384 
2619 2734 2546 2676 2527 2627 2553 2634 2629 2360 2562 2383 2632 2683 2541 2726 2669 2502 2492 2626 2551 2549 2750 2684 2637 2531 2395 2674 2796 2622 2791 3000 2222 2574 2449 2472 2369 2565 2411 2484 2744 2506 2437 2407 2386 2567 2676 2606 2534 2687 2512 2380 2319 2408 2533 2262 2458 2574 2445 2525 2401 2273 2540 2390 2286 2571 2513 2322 2345 2761 2156 2584 2710 2590 2647 2507 2668 2548 2542 2450 2584 2531 2601 2968 2727 2534 2442 2512 2690 2525 2465 2691 2744 2569 2098 2765 2646 2579 2398 2597 
2460 2685 2457 2468 2369 2678 2468 2462 2409 2278 2489 2257 2489 2547 2335 2526 2581 2248 2432 2456 2382 2486 2605 2475 2606 2368 2345 2630 2500 2395 2548 2584 2348 2483 2404 2366 2331 2543 2389 2186 2610 2567 2263 2253 2354 2526 2541 2534 2441 2688 2463 2293 2307 2360 2533 2270 2311 2513 2343 2399 2434 2150 2418 2357 2286 2438 2344 2259 2210 2499 2056 2615 2657 2514 2379 2433 2435 2471 2654 2519 2619 2243 2498 2576 2646 2315 2534 2383 2564 2299 2449 2533 2563 2506 2096 2655 2382 2462 2323 2580 
2550 2622 2479 2586 2433 2567 2370 2455 2569 2304 2380 2206 2427 2646 2366 2618 2653 2339 2441 2487 2467 2436 2590 2601 2486 2299 2265 2701 2649 2545 2651 2754 2181 2492 2515 2331 2314 2569 2359 2294 2635 2536 2384 2403 2316 2625 2632 2583 2516 2668 2332 2307 2209 2464 2585 2146 2385 2575 2365 2512 2348 2186 2531 2413 2376 2388 2424 2324 2452 2743 2236 2489 2615 2430 2379 2537 2556 2493 2480 2358 2563 2339 2448 2681 2638 2365 2411 2479 2457 2374 2515 2594 2550 2514 2062 2845 2554 2485 2278 2541 
2520 2516 2513 2511 2435 2611 2520 2668 2577 2284 2404 2279 2679 2490 2421 2609 2563 2342 2430 2499 2533 2423 2650 2606 2552 2431 2238 2609 2545 2437 2570 2646 2243 2450 2558 2408 2351 2521 2435 2333 2593 2537 2321 2401 2225 2560 2723 2396 2401 2686 2470 2211 2223 2464 2542 2240 2332 2609 2475 2382 2368 2202 2560 2331 2253 2340 2382 2316 2305 2568 2091 2568 2566 2505 2564 2388 2597 2560 2516 2456 2513 2364 2527 2550 2451 2345 2464 2472 2507 2295 2404 2634 2511 2580 2063 2691 2445 2388 2314 2619 
2632 2873 2631 2720 2559 2758 2639 2690 2580 2462 2582 2394 2667 2735 2473 2738 2663 2563 2570 2600 2502 2491 2781 2785 2793 2582 2426 2894 2778 2579 2843 2885 2328 2622 2594 2534 2345 2586 2458 2511 2701 2724 2424 2554 2515 2661 2766 2784 2451 2823 2620 2331 2304 2606 2613 2384 2544 2763 2586 2680 2432 2209 2542 2552 2455 2744 2602 2333 2630 2850 2287 2664 2763 2600 2542 2579 2842 2623 2545 2564 2653 2467 2689 2870 2852 2459 2484 2569 2729 2506 2574 2867 2768 2657 2227 2818 2670 2626 2550 2656 
2518 2599 2348 2475 2386 2543 2331 2464 2517 2276 2425 2363 2555 2483 2335 2564 2440 2322 2511 2488 2397 2465 2650 2513 2606 2358 2222 2596 2497 2312 2552 2644 2321 2515 2363 2374 2371 2454 2340 2294 2577 2435 2287 2417 2127 2519 2504 2466 2272 2695 2299 2202 2262 2260 2439 2140 2179 2512 2425 2467 2432 2172 2284 2407 2163 2412 2521 2337 2263 2617 2142 2510 2513 2443 2386 2363 2570 2540 2506 2326 2472 2248 2468 2531 2521 2324 2344 2319 2524 2355 2439 2341 2396 2490 2021 2614 2440 2422 2321 2464 
2568 2659 2660 2647 2540 2596 2448 2601 2533 2263 2530 2335 2579 2793 2404 2632 2638 2343 2668 2426 2601 2607 2657 2700 2567 2434 2263 2885 2701 2384 2702 2647 2467 2630 2378 2455 2270 2685 2479 2389 2790 2546 2373 2475 2255 2578 2771 2666 2541 2771 2630 2247 2433 2552 2529 2326 2338 2615 2520 2570 2560 2274 2627 2454 2317 2486 2458 2262 2413 2631 2145 2609 2615 2627 2568 2439 2668 2557 2674 2584 2607 2318 2498 2643 2758 2490 2391 2571 2430 2473 2479 2694 2664 2900 2248 2692 2555 2506 2347 2558 
2953 3077 2923 2885 2893 3050 2831 2960 2837 2614 2893 2676 3020 3000 2807 2918 3047 2714 2805 2785 2761 2859 3180 3048 2929 2853 2588 3170 2953 2750 3197 3154 2638 2932 2823 2851 2729 2881 2670 2587 3081 2916 2871 2677 2759 2965 2958 3017 2850 3219 2988 2660 2687 2677 2835 2672 2723 2940 2662 2795 2671 2385 2767 2762 2591 2984 2810 2524 2746 3053 2388 3107 3081 2865 2739 2777 3042 2942 2932 2923 3073 2675 2866 3060 3061 2727 2821 2817 3027 2660 2788 3023 2962 2859 2469 3072 2872 2792 2735 2919 
2527 2674 2578 2514 2491 2554 2420 2764 2531 2171 2465 2377 2559 2526 2327 2611 2591 2405 2554 2488 2545 2520 2735 2552 2484 2396 2297 2732 2566 2393 2825 2755 2254 2500 2369 2469 2441 2578 2384 2367 2714 2552 2424 2410 2257 2483 2602 2519 2445 2734 2581 2344 2381 2408 2508 2368 2374 2547 2426 2470 2431 2216 2575 2419 2160 2372 2354 2254 2240 2578 2001 2578 2621 2434 2401 2440 2576 2457 2516 2436 2569 2311 2422 2739 2673 2325 2419 2403 2588 2258 2411 2612 2575 2659 2151 2661 2458 2438 2401 2573 
2506 2553 2429 2438 2384 2418 2337 2561 2330 2199 2353 2278 2487 2657 2284 2490 2616 2204 2420 2338 2489 2436 2535 2476 2536 2220 2093 2698 2582 2316 2517 2682 2349 2499 2359 2275 2175 2564 2340 2231 2586 2498 2218 2418 2201 2469 2539 2539 2321 2567 2364 2249 2286 2224 2512 2310 2311 2489 2302 2368 2354 1936 2398 2217 2243 2398 2263 2147 2197 2442 2079 2468 2578 2427 2364 2436 2381 2508 2440 2239 2470 2150 2339 2554 2552 2288 2369 2374 2435 2251 2397 2536 2415 2499 2058 2533 2421 2469 2168 2459 
2248 2303 2321 2313 2232 2381 2063 2297 2253 2019 2284 2096 2292 2434 2254 2365 2484 2116 2404 2247 2406 2254 2450 2453 2257 2180 2005 2472 2353 2107 2579 2579 2091 2276 2163 2175 2113 2360 2202 2141 2457 2293 2203 2126 2184 2289 2370 2275 2132 2596 2275 2134 2001 2125 2355 2014 2111 2354 2320 2172 2252 2016 2276 2225 2063 2180 2218 2015 2157 2451 1849 2353 2377 2318 2254 2149 2299 2300 2331 2325 2359 2109 2228 2401 2419 2165 2154 2194 2200 2225 2277 2360 2431 2386 1934 2456 2312 2155 2061 2248 
2728 2813 2811 2645 2711 2834 2459 2689 2658 2511 2540 2475 2680 2716 2645 2824 2773 2617 2687 2657 2700 2618 2912 2728 2846 2575 2418 2984 2783 2719 2815 2864 2540 2755 2609 2501 2555 2742 2516 2560 2741 2733 2570 2525 2506 2703 2783 2757 2660 2796 2668 2539 2414 2604 2688 2443 2471 2779 2634 2655 2637 2299 2711 2566 2367 2627 2528 2385 2497 2765 2296 2780 2821 2775 2646 2778 2705 2660 2716 2664 2751 2567 2673 2809 2746 2507 2502 2709 2676 2678 2750 2708 2679 2866 2250 2802 2695 2698 2566 2714 
2624 2634 2671 2617 2665 2726 2486 2640 2634 2317 2622 2381 2724 2692 2477 2550 2649 2553 2632 2497 2423 2622 2812 2546 2693 2509 2312 2810 2605 2506 2722 2694 2300 2608 2490 2428 2417 2624 2398 2343 2732 2660 2369 2393 2426 2530 2711 2642 2528 2717 2486 2450 2366 2430 2629 2261 2360 2635 2214 2532 2453 2218 2507 2365 2226 2510 2535 2339 2283 2723 2241 2807 2778 2699 2541 2580 2714 2581 2698 2565 2695 2345 2496 2697 2773 2407 2423 2551 2668 2518 2555 2528 2591 2623 2134 2700 2557 2711 2546 2673 
2705 2740 2532 2727 2504 2754 2657 2706 2568 2443 2553 2521 2790 2918 2518 2852 2726 2452 2606 2474 2602 2574 2919 2723 2785 2629 2400 2823 2815 2571 2804 2812 2418 2676 2583 2603 2418 2565 2480 2397 2808 2681 2447 2577 2505 2696 2848 2709 2564 2799 2677 2384 2444 2492 2707 2389 2606 2728 2581 2672 2512 2211 2664 2500 2404 2672 2540 2359 2549 2838 2373 2870 2733 2518 2618 2675 2794 2672 2698 2570 2646 2457 2579 2875 2786 2576 2500 2585 2782 2433 2610 2760 2732 2735 2226 2874 2766 2628 2499 2725 
2441 2434 2478 2511 2366 2544 2314 2571 2358 2261 2368 2161 2563 2448 2292 2534 2492 2329 2453 2296 2355 2482 2756 2565 2502 2234 2193 2564 2424 2302 2607 2524 2303 2431 2457 2335 2338 2588 2331 2319 2609 2522 2369 2366 2329 2484 2471 2481 2407 2678 2441 2269 2199 2364 2453 2198 2321 2539 2231 2478 2385 2034 2367 2321 2146 2452 2271 2098 2322 2559 2052 2470 2432 2345 2388 2394 2478 2461 2607 2374 2526 2219 2304 2544 2534 2295 2389 2310 2431 2227 2402 2550 2407 2485 2090 2559 2345 2490 2416 2462 
2772 2762 2678 2697 2653 2761 2556 2743 2604 2433 2603 2445 2773 2746 2562 2786 2726 2459 2632 2624 2659 2657 2834 2688 2785 2619 2508 2944 2792 2577 2806 2792 2470 2726 2536 2569 2479 2726 2515 2434 2874 2565 2534 2511 2477 2701 2736 2635 2503 2905 2661 2400 2388 2527 2669 2394 2572 2761 2548 2685 2554 2363 2520 2580 2468 2734 2591 2426 2466 2835 2384 2788 2787 2690 2654 2534 2853 2696 2658 2648 2586 2534 2663 2876 2759 2558 2462 2659 2667 2522 2578 2830 2737 2799 2200 2911 2593 2726 2658 2662 
2525 2600 2548 2584 2424 2677 2487 2469 2624 2339 2540 2251 2477 2727 2500 2601 2598 2360 2528 2492 2441 2511 2723 2527 2645 2460 2314 2691 2563 2469 2732 2718 2159 2511 2484 2353 2377 2568 2277 2284 2771 2513 2301 2293 2435 2556 2580 2645 2391 2587 2532 2334 2188 2395 2673 2351 2361 2554 2292 2437 2459 2109 2543 2304 2198 2347 2349 2281 2116 2615 2154 2659 2723 2528 2376 2477 2562 2474 2618 2442 2531 2321 2394 2764 2697 2359 2374 2430 2646 2275 2539 2594 2628 2666 2044 2684 2314 2505 2457 2604 
2644 2662 2586 2691 2471 2635 2440 2557 2473 2323 2347 2317 2492 2709 2393 2616 2617 2482 2538 2440 2400 2480 2562 2656 2601 2495 2235 2867 2477 2472 2721 2666 2425 2512 2430 2468 2383 2668 2348 2380 2761 2562 2391 2316 2380 2584 2574 2466 2513 2699 2465 2305 2325 2562 2560 2294 2299 2554 2559 2538 2464 2141 2640 2410 2394 2498 2470 2434 2495 2641 2239 2695 2691 2517 2495 2485 2732 2512 2688 2527 2674 2333 2524 2687 2628 2490 2470 2490 2514 2363 2456 2744 2593 2689 2068 2778 2546 2610 2331 2568 
2611 2677 2582 2595 2584 2687 2409 2511 2562 2373 2471 2309 2606 2611 2388 2614 2745 2420 2540 2524 2523 2468 2731 2601 2668 2424 2376 2779 2633 2555 2679 2742 2306 2583 2651 2447 2299 2633 2351 2286 2817 2627 2416 2363 2311 2577 2762 2575 2498 2810 2506 2386 2312 2467 2572 2290 2423 2642 2389 2537 2550 2213 2547 2446 2357 2456 2449 2320 2467 2710 2206 2647 2566 2517 2389 2487 2649 2632 2677 2473 2676 2284 2498 2702 2686 2375 2449 2556 2572 2378 2443 2609 2580 2611 2104 2763 2519 2524 2398 2576 
2325 2531 2433 2497 2274 2551 2343 2470 2506 2113 2319 2209 2360 2406 2256 2361 2412 2320 2427 2343 2435 2472 2609 2505 2518 2210 2160 2527 2448 2387 2435 2568 2272 2319 2268 2216 2229 2456 2334 2360 2603 2498 2318 2373 2361 2385 2538 2315 2278 2531 2338 2121 2072 2214 2370 2121 2238 2463 2291 2387 2365 2049 2380 2206 2207 2354 2221 2066 2160 2504 2026 2452 2543 2377 2464 2287 2401 2457 2396 2302 2363 2197 2384 2531 2461 2316 2386 2258 2361 2301 2531 2516 2443 2460 2031 2523 2385 2386 2311 2515 
2641 2574 2502 2610 2542 2532 2385 2555 2585 2366 2487 2404 2627 2586 2236 2659 2622 2354 2535 2663 2392 2484 2659 2644 2510 2222 2330 2843 2557 2367 2692 2674 2334 2512 2507 2421 2287 2547 2230 2398 2680 2521 2381 2264 2222 2611 2615 2608 2510 2675 2473 2294 2312 2476 2484 2351 2426 2578 2252 2468 2391 2300 2506 2276 2325 2499 2435 2210 2265 2594 2059 2527 2514 2548 2351 2543 2426 2595 2626 2470 2489 2188 2478 2797 2613 2299 2454 2520 2517 2313 2434 2541 2680 2524 2040 2711 2448 2521 2408 2322 
2428 2466 2298 2434 2384 2488 2175 2609 2341 2201 2303 2228 2382 2328 2232 2436 2351 2238 2426 2297 2250 2309 2574 2280 2479 2189 2062 2458 2463 2359 2519 2564 2191 2414 2179 2210 2294 2521 2213 2279 2563 2457 2352 2271 2128 2298 2416 2402 2253 2641 2364 2104 2176 2383 2409 2160 2167 2398 2392 2231 2179 2100 2447 2293 2161 2403 2451 2233 2186 2390 2039 2514 2315 2426 2285 2239 2266 2374 2481 2185 2454 2232 2320 2515 2493 2241 2391 2285 2482 2253 2305 2472 2452 2481 1928 2501 2321 2272 2231 2265 
2647 2791 2741 2708 2719 2914 2566 2787 2662 2454 2634 2439 2810 2730 2542 2656 2780 2588 2632 2518 2624 2753 2846 2733 2883 2599 2458 2864 2734 2652 2759 2725 2519 2639 2658 2558 2404 2777 2600 2488 2973 2727 2621 2666 2613 2642 2888 2651 2548 2862 2823 2489 2421 2620 2612 2456 2409 2783 2440 2634 2612 2233 2640 2532 2555 2608 2516 2353 2470 2732 2234 2896 2780 2698 2592 2541 2801 2726 2684 2641 2694 2480 2647 2885 2849 2470 2678 2608 2804 2570 2578 2947 2725 2799 2266 2934 2714 2685 2585 2711 
2527 2610 2468 2502 2334 2483 2309 2549 2430 2245 2405 2327 2423 2633 2383 2497 2558 2401 2447 2435 2516 2430 2592 2636 2505 2337 2191 2747 2597 2457 2480 2715 2312 2528 2455 2321 2173 2534 2289 2219 2589 2513 2277 2461 2249 2502 2462 2499 2437 2553 2324 2269 2227 2383 2434 2209 2281 2491 2330 2498 2461 1962 2465 2364 2259 2359 2343 2250 2311 2634 2178 2624 2574 2471 2472 2458 2584 2526 2442 2354 2444 2246 2387 2543 2613 2323 2247 2454 2407 2311 2436 2481 2442 2589 2078 2649 2534 2404 2286 2492 
2514 2646 2386 2592 2402 2682 2446 2457 2498 2399 2542 2337 2553 2704 2333 2616 2589 2373 2395 2475 2435 2542 2696 2805 2517 2357 2328 2733 2665 2402 2726 2743 2301 2612 2460 2480 2224 2584 2374 2280 2680 2574 2404 2282 2175 2541 2610 2582 2526 2782 2600 2165 2374 2454 2621 2291 2434 2548 2464 2470 2392 2216 2635 2363 2416 2490 2546 2366 2319 2608 2117 2474 2496 2520 2520 2437 2532 2616 2564 2545 2652 2406 2493 2754 2499 2413 2429 2438 2483 2263 2361 2597 2597 2692 2126 2643 2435 2534 2332 2534 
2653 2822 2655 2727 2551 2830 2503 2566 2625 2469 2749 2438 2608 2842 2569 2795 2760 2524 2607 2598 2719 2700 2809 2703 2790 2453 2512 2955 2873 2473 2883 2891 2394 2877 2546 2496 2454 2752 2458 2503 2930 2701 2511 2529 2525 2689 2720 2766 2596 2780 2606 2485 2434 2527 2694 2461 2551 2640 2509 2643 2634 2318 2637 2521 2430 2544 2567 2378 2437 2777 2317 2765 2781 2740 2664 2619 2799 2614 2700 2638 2672 2452 2583 2878 2855 2517 2567 2704 2724 2515 2671 2733 2691 2658 2272 2818 2765 2778 2510 2650 
2498 2600 2495 2601 2504 2633 2528 2608 2586 2254 2524 2472 2480 2625 2348 2627 2554 2415 2621 2627 2453 2507 2772 2724 2626 2438 2271 2833 2529 2396 2729 2854 2379 2592 2434 2609 2402 2564 2414 2513 2739 2641 2440 2267 2388 2548 2599 2585 2462 2746 2570 2250 2499 2444 2515 2258 2322 2556 2413 2467 2429 2262 2476 2378 2223 2427 2493 2385 2268 2630 2086 2534 2589 2635 2479 2462 2751 2382 2579 2439 2645 2384 2513 2786 2652 2413 2286 2536 2565 2389 2388 2727 2560 2616 1984 2726 2509 2577 2415 2502 
2592 2616 2647 2579 2575 2631 2552 2565 2541 2293 2523 2319 2531 2604 2387 2599 2654 2531 2586 2551 2522 2467 2605 2572 2730 2510 2374 2829 2544 2557 2616 2702 2308 2418 2496 2384 2439 2587 2499 2294 2685 2701 2445 2410 2424 2583 2735 2528 2466 2771 2537 2392 2375 2602 2513 2439 2313 2612 2384 2492 2352 2199 2484 2362 2197 2422 2212 2282 2413 2597 2051 2626 2681 2535 2409 2422 2733 2593 2635 2453 2706 2280 2379 2658 2768 2487 2350 2578 2519 2247 2357 2587 2603 2658 2159 2732 2554 2505 2405 2487 
2124 2237 2302 2306 2150 2371 2223 2378 2193 2016 2340 2088 2352 2408 2194 2299 2323 2202 2322 2155 2313 2346 2410 2277 2264 2211 2082 2559 2283 2221 2548 2385 2181 2205 2284 2262 2068 2320 2170 1993 2522 2433 2148 2137 2063 2312 2361 2149 2231 2458 2224 2066 2067 2198 2378 1958 2161 2267 2094 2235 2280 1952 2326 2179 2051 2004 2165 2131 2026 2454 1963 2528 2425 2220 2345 2297 2422 2223 2252 2201 2332 2112 2137 2375 2263 2127 2223 2239 2190 2106 2289 2353 2391 2394 2000 2451 2392 2298 2147 2422 
2735 2746 2590 2609 2667 2718 2529 2718 2630 2363 2581 2408 2690 2784 2451 2806 2884 2484 2589 2537 2660 2635 2808 2802 2683 2509 2280 3004 2842 2492 2822 2775 2430 2668 2702 2494 2386 2832 2576 2413 2807 2770 2444 2592 2369 2702 2840 2591 2537 2870 2731 2532 2387 2590 2835 2385 2501 2706 2432 2642 2597 2245 2676 2637 2444 2604 2589 2416 2545 2824 2358 2670 2794 2590 2573 2495 2810 2729 2659 2657 2778 2361 2517 2766 2806 2493 2423 2582 2619 2561 2656 2694 2691 2779 2247 2930 2568 2690 2419 2599 
2695 2798 2557 2625 2569 2727 2486 2726 2573 2416 2557 2398 2729 2727 2465 2727 2811 2609 2406 2605 2477 2527 2835 2780 2697 2566 2349 2720 2664 2512 2747 2834 2463 2617 2642 2527 2380 2692 2459 2391 2764 2665 2561 2383 2458 2721 2615 2732 2615 2792 2643 2455 2410 2477 2732 2400 2495 2579 2490 2613 2495 2221 2612 2352 2554 2628 2566 2432 2425 2740 2324 2819 2727 2569 2517 2553 2665 2838 2679 2590 2699 2506 2651 2770 2694 2532 2645 2543 2746 2405 2579 2694 2711 2628 2172 2874 2662 2632 2387 2662 
2753 2485 2542 2503 2416 2611 2484 2698 2539 2373 2545 2425 2622 2553 2409 2598 2616 2422 2625 2595 2516 2471 2698 2675 2564 2469 2254 2795 2637 2392 2639 2785 2413 2527 2481 2553 2355 2606 2394 2382 2735 2572 2306 2455 2353 2569 2695 2624 2547 2687 2484 2274 2346 2631 2554 2302 2303 2569 2344 2409 2507 2162 2483 2437 2311 2574 2510 2321 2336 2680 2149 2759 2658 2587 2423 2401 2734 2607 2595 2390 2638 2294 2521 2734 2699 2465 2371 2381 2512 2392 2360 2610 2574 2689 2071 2610 2446 2540 2418 2556 
2722 2724 2643 2816 2696 2640 2540 2739 2662 2380 2556 2486 2706 2899 2646 2911 2828 2486 2701 2676 2805 2608 2888 2678 2693 2460 2483 2936 2863 2595 2908 3029 2494 2732 2599 2549 2378 2763 2656 2442 2889 2686 2609 2575 2625 2763 2839 2793 2705 2813 2640 2400 2456 2657 2904 2355 2429 2617 2484 2684 2609 2293 2684 2452 2563 2639 2599 2411 2444 2907 2463 2742 2782 2785 2696 2606 2747 2632 2715 2584 2772 2517 2628 3059 2849 2676 2537 2700 2628 2486 2593 2844 2874 2739 2261 2911 2683 2665 2570 2562 
2585 2425 2511 2430 2492 2624 2381 2510 2576 2400 2547 2258 2411 2461 2316 2511 2607 2274 2552 2505 2448 2441 2690 2626 2491 2369 2290 2720 2519 2471 2627 2641 2229 2466 2342 2372 2377 2466 2288 2309 2741 2513 2331 2343 2295 2436 2583 2520 2510 2638 2538 2296 2224 2508 2448 2300 2281 2445 2197 2365 2417 2179 2472 2432 2288 2391 2351 2153 2289 2568 2091 2627 2547 2416 2272 2324 2578 2490 2561 2465 2494 2206 2374 2578 2539 2385 2371 2402 2493 2306 2456 2520 2483 2503 2065 2547 2528 2492 2453 2423 
2563 2467 2551 2470 2458 2474 2377 2517 2550 2296 2464 2399 2579 2468 2289 2562 2539 2332 2588 2581 2512 2418 2633 2542 2526 2347 2308 2797 2484 2380 2573 2647 2190 2449 2384 2468 2298 2511 2247 2306 2543 2454 2349 2297 2251 2403 2640 2606 2392 2668 2511 2264 2250 2510 2487 2266 2326 2574 2374 2479 2375 2245 2359 2399 2201 2434 2334 2221 2223 2556 2121 2631 2475 2555 2275 2512 2611 2474 2571 2335 2432 2312 2415 2717 2754 2274 2215 2432 2433 2247 2343 2570 2597 2508 2046 2588 2396 2440 2444 2476 
2611 2732 2680 2664 2517 2769 2608 2680 2683 2446 2607 2459 2727 2802 2578 2838 2725 2527 2607 2495 2600 2635 2854 2711 2778 2530 2474 2839 2704 2642 2827 2823 2535 2747 2653 2521 2468 2752 2611 2542 2745 2724 2469 2446 2511 2630 2756 2517 2526 2926 2700 2409 2395 2456 2710 2289 2482 2844 2553 2473 2512 2265 2634 2567 2390 2604 2598 2389 2428 2672 2144 2703 2701 2737 2693 2620 2582 2672 2631 2617 2626 2482 2553 2799 2668 2447 2427 2504 2677 2506 2557 2792 2668 2806 2053 2762 2571 2667 2510 2685 
2797 2833 2841 2816 2582 2816 2565 2785 2738 2468 2768 2540 2750 2932 2553 2738 2736 2611 2710 2639 2729 2664 2919 2854 2809 2507 2576 2948 2778 2775 2838 2876 2444 2795 2599 2659 2384 2716 2660 2535 2836 2757 2492 2602 2585 2671 2792 2748 2755 2995 2821 2394 2456 2716 2635 2427 2434 2774 2561 2726 2666 2351 2626 2684 2425 2732 2748 2420 2428 2799 2237 2803 2821 2886 2610 2600 2826 2688 2689 2797 2727 2488 2615 2813 2863 2429 2517 2614 2718 2585 2578 2763 2611 2866 2272 2827 2690 2700 2527 2656 
2388 2524 2399 2333 2386 2394 2199 2251 2380 2142 2273 2200 2358 2545 2264 2391 2489 2230 2288 2035 2348 2342 2584 2360 2461 2261 2131 2544 2598 2218 2526 2503 2168 2499 2372 2253 2154 2413 2231 2168 2474 2396 2260 2276 2199 2289 2601 2405 2231 2524 2429 2220 2218 2120 2376 2047 2266 2471 2217 2260 2316 1913 2379 2318 2196 2381 2338 2066 2328 2491 2034 2407 2423 2392 2309 2293 2430 2307 2312 2303 2419 2175 2258 2562 2443 2188 2297 2317 2448 2276 2302 2457 2373 2557 1922 2378 2327 2401 2212 2357 
